0.6981162445029035
0.7336634568186801
1.357551651594727
0.1644984151742535
1.5198077410823523
0.19678084117110686
0.5483020131346515
3.9896881054442916
2.675456536139304
1.879229369222204
1.1367892294092492
1.9928930108656777
0.5529696457006381
1.7018534966087024
0.0710597783127969
2.8523370250744255
1.52437844572854
3.7615275844147584
3.8204955820875224
6.110267422632851
3.3460383136939287
4.5124116315669385
3.547608462268751
3.808526080212924
3.96899486353133
9.467141822397652
10.323238765275999
