Year	Month	Day	SimDay	Season	wRZ	zGW	wSurf	Irr	Infl	RO	DP	CR	GWin	Es	EsX	Tr	TrX	
1982	 5	 1	       1	1	 49.83	-999.00	  0.00	10.00	10.00	 0.00	 0.00	 0.00	 0.00	 5.17	 5.17	 0.00	 0.00	
1982	 5	 2	       2	1	 54.40	-999.00	  0.00	10.00	10.00	 0.00	 0.00	 0.00	 0.00	 5.44	 5.44	 0.00	 0.00	
1982	 5	 3	       3	1	 56.91	-999.00	  0.00	10.00	10.00	 0.00	 0.00	 0.00	 0.00	 7.48	 7.48	 0.00	 0.00	
1982	 5	 4	       4	1	 62.78	-999.00	  0.00	10.00	10.00	 0.00	 0.00	 0.00	 0.00	 4.14	 4.14	 0.00	 0.00	
1982	 5	 5	       5	1	 71.95	-999.00	  0.00	10.00	10.00	 0.00	 0.00	 0.00	 0.00	 0.83	 0.83	 0.00	 0.00	
1982	 5	 6	       6	1	 77.69	-999.00	  0.00	10.00	10.00	 0.00	 0.00	 0.00	 0.00	 4.25	 4.25	 0.00	 0.00	
1982	 5	 7	       7	1	 82.63	-999.00	  0.00	10.00	10.00	 0.00	 0.00	 0.00	 0.00	 5.06	 5.06	 0.00	 0.00	
1982	 5	 8	       8	1	 86.44	-999.00	  0.00	10.00	10.00	 0.00	 0.00	 0.00	 0.00	 6.19	 6.19	 0.00	 0.00	
1982	 5	 9	       9	1	 88.80	-999.00	  0.00	10.00	10.00	 0.00	 0.00	 0.00	 0.00	 9.14	 9.14	 0.00	 0.00	
1982	 5	10	      10	1	 96.52	-999.00	  0.00	10.00	10.00	 0.00	 0.00	 0.00	 0.00	 6.79	 6.79	 0.00	 0.00	
1982	 5	11	      11	1	105.59	-999.00	  0.00	10.00	10.00	 0.00	 0.00	 0.00	 0.00	 0.93	 0.93	 0.00	 0.00	
1982	 5	12	      12	1	113.91	-999.00	  0.00	10.00	10.00	 0.00	 0.00	 0.00	 0.00	 0.80	 0.80	 0.00	 0.00	
1982	 5	13	      13	1	119.19	-999.00	  0.00	10.00	10.00	 0.00	 0.00	 0.00	 0.00	 1.49	 1.49	 0.01	 0.01	
1982	 5	14	      14	1	124.01	-999.00	  0.00	10.00	10.00	 0.00	 0.00	 0.00	 0.00	 2.14	 2.14	 0.02	 0.02	
1982	 5	15	      15	1	128.62	-999.00	  0.00	10.00	10.00	 0.00	 0.00	 0.00	 0.00	 3.25	 3.25	 0.03	 0.03	
1982	 5	16	      16	1	133.98	-999.00	  0.00	10.00	10.00	 0.00	 0.00	 0.00	 0.00	 4.10	 4.10	 0.04	 0.04	
1982	 5	17	      17	1	139.50	-999.00	  0.00	10.00	10.00	 0.00	 0.00	 0.00	 0.00	 4.17	 4.17	 0.05	 0.05	
1982	 5	18	      18	1	143.32	-999.00	  0.00	10.00	10.00	 0.00	 0.00	 0.00	 0.00	 6.37	 6.37	 0.08	 0.08	
1982	 5	19	      19	1	148.29	-999.00	  0.00	10.00	10.00	 0.00	 0.00	 0.00	 0.00	 6.18	 6.18	 0.09	 0.09	
1982	 5	20	      20	1	153.73	-999.00	  0.00	10.00	10.00	 0.00	 0.00	 0.00	 0.00	 3.41	 3.41	 0.05	 0.05	
1982	 5	21	      21	1	156.85	-999.00	  0.00	10.00	10.00	 0.00	 0.00	 0.00	 0.00	 5.05	 5.05	 0.08	 0.08	
1982	 5	22	      22	1	163.11	-999.00	  0.00	10.00	10.00	 0.00	 0.00	 0.00	 0.00	 4.76	 4.76	 0.08	 0.08	
1982	 5	23	      23	1	169.96	-999.00	  0.00	10.00	10.00	 0.00	 0.00	 0.00	 0.00	 4.19	 4.19	 0.08	 0.08	
1982	 5	24	      24	1	175.86	-999.00	  0.00	10.00	10.00	 0.00	 0.00	 0.00	 0.00	 1.87	 1.87	 0.04	 0.04	
1982	 5	25	      25	1	178.11	-999.00	  0.00	10.00	10.00	 0.00	 0.00	 0.00	 0.00	 4.38	 4.38	 0.10	 0.10	
1982	 5	26	      26	1	180.84	-999.00	  0.00	10.00	10.00	 0.00	 0.00	 0.00	 0.00	 3.83	 3.83	 0.09	 0.09	
1982	 5	27	      27	1	184.67	-999.00	  0.00	10.00	10.00	 0.00	 0.00	 0.00	 0.00	 6.15	 6.15	 0.17	 0.17	
1982	 5	28	      28	1	193.41	-999.00	  0.00	10.00	10.00	 0.00	 0.00	 0.00	 0.00	 2.15	 2.15	 0.06	 0.06	
1982	 5	29	      29	1	196.78	-999.00	  0.00	10.00	10.00	 0.00	 0.00	 0.00	 0.00	 3.88	 3.88	 0.13	 0.13	
1982	 5	30	      30	1	202.23	-999.00	  0.00	10.00	10.00	 0.00	 0.00	 0.00	 0.00	 1.49	 1.49	 0.05	 0.05	
1982	 5	31	      31	1	204.00	-999.00	  0.00	10.00	10.00	 0.00	 0.00	 0.00	 0.00	 4.23	 4.23	 0.15	 0.15	
1982	 6	 1	      32	1	204.68	-999.00	  0.00	10.00	10.00	 0.00	 0.00	 0.00	 0.00	 2.35	 2.35	 0.09	 0.09	
1982	 6	 2	      33	1	210.04	-999.00	  0.00	10.00	10.00	 0.00	 0.00	 0.00	 0.00	 0.88	 0.88	 0.03	 0.03	
1982	 6	 3	      34	1	211.40	-999.00	  0.00	10.00	10.00	 0.00	 0.00	 0.00	 0.00	 0.88	 0.88	 0.04	 0.04	
1982	 6	 4	      35	1	211.58	-999.00	  0.00	10.00	10.00	 0.00	 0.00	 0.00	 0.00	 4.26	 4.26	 0.19	 0.19	
1982	 6	 5	      36	1	217.25	-999.00	  0.00	10.00	10.00	 0.00	 0.00	 0.00	 0.00	 2.74	 2.74	 0.14	 0.14	
1982	 6	 6	      37	1	218.31	-999.00	  0.00	10.00	10.00	 0.00	 0.00	 0.00	 0.00	 7.76	 7.76	 0.44	 0.44	
1982	 6	 7	      38	1	223.42	-999.00	  0.00	10.00	10.00	 0.00	 0.00	 0.00	 0.00	 5.38	 5.38	 0.33	 0.33	
1982	 6	 8	      39	1	228.98	-999.00	  0.00	10.00	10.00	 0.00	 0.00	 0.00	 0.00	 6.01	 6.01	 0.44	 0.44	
1982	 6	 9	      40	1	232.01	-999.00	  0.00	10.00	10.00	 0.00	 0.00	 0.00	 0.00	 5.84	 5.84	 0.46	 0.46	
1982	 6	10	      41	1	235.90	-999.00	  0.00	10.00	10.00	 0.00	 0.00	 0.00	 0.00	 5.10	 5.10	 0.44	 0.44	
1982	 6	11	      42	1	243.80	-999.00	  0.00	10.00	10.00	 0.00	 0.00	 0.00	 0.00	 4.06	 4.06	 0.39	 0.39	
1982	 6	12	      43	1	247.90	-999.00	  0.00	10.00	10.00	 0.00	 0.00	 0.00	 0.00	 4.11	 4.11	 0.44	 0.44	
1982	 6	13	      44	1	255.64	-999.00	  0.00	10.00	10.00	 0.00	 0.00	 0.00	 0.00	 3.13	 3.13	 0.38	 0.38	
1982	 6	14	      45	1	262.40	-999.00	  0.00	10.00	10.00	 0.00	 0.00	 0.00	 0.00	 3.44	 3.44	 0.49	 0.49	
1982	 6	15	      46	1	266.17	-999.00	  0.00	10.00	10.00	 0.00	 0.00	 0.00	 0.00	 2.95	 2.95	 0.46	 0.46	
1982	 6	16	      47	1	267.29	-999.00	  0.00	10.00	10.00	 0.00	 0.00	 0.00	 0.00	 4.94	 4.94	 0.85	 0.85	
1982	 6	17	      48	1	273.92	-999.00	  0.00	10.00	10.00	 0.00	 0.00	 0.00	 0.00	 3.20	 3.20	 0.63	 0.63	
1982	 6	18	      49	1	278.48	-999.00	  0.00	10.00	10.00	 0.00	 0.00	 0.00	 0.00	 2.48	 2.48	 0.54	 0.54	
1982	 6	19	      50	1	279.88	-999.00	  0.00	10.00	10.00	 0.00	 0.00	 0.00	 0.00	 4.64	 4.64	 1.12	 1.12	
1982	 6	20	      51	1	284.41	-999.00	  0.00	10.00	10.00	 0.00	 0.00	 0.00	 0.00	 4.65	 4.65	 1.29	 1.29	
1982	 6	21	      52	1	288.58	-999.00	  0.00	10.00	10.00	 0.00	 0.00	 0.00	 0.00	 5.30	 5.30	 1.77	 1.77	
1982	 6	22	      53	1	292.03	-999.00	  0.00	10.00	10.00	 0.00	 0.00	 0.00	 0.00	 4.00	 4.00	 1.57	 1.57	
1982	 6	23	      54	1	298.60	-999.00	  0.00	10.00	10.00	 0.00	 0.00	 0.00	 0.00	 3.95	 3.95	 1.87	 1.87	
1982	 6	24	      55	1	307.23	-999.00	  0.00	10.00	10.00	 0.00	 0.00	 0.00	 0.00	 2.34	 2.34	 1.33	 1.33	
1982	 6	25	      56	1	315.73	-999.00	  0.00	10.00	10.00	 0.00	 0.00	 0.00	 0.00	 1.85	 1.85	 1.23	 1.23	
1982	 6	26	      57	1	320.32	-999.00	  0.00	10.00	10.00	 0.00	 0.00	 0.00	 0.00	 1.60	 1.60	 1.26	 1.26	
1982	 6	27	      58	1	324.35	-999.00	  0.00	10.00	10.00	 0.00	 0.00	 0.00	 0.00	 2.89	 2.89	 2.90	 2.90	
1982	 6	28	      59	1	328.22	-999.00	  0.00	10.00	10.00	 0.00	 0.00	 0.00	 0.00	 2.83	 2.83	 3.75	 3.75	
1982	 6	29	      60	1	332.77	-999.00	  0.00	10.00	10.00	 0.00	 0.00	 0.00	 0.00	 2.50	 2.50	 4.77	 4.77	
1982	 6	30	      61	1	341.58	-999.00	  0.00	10.00	10.00	 0.00	 0.00	 0.00	 0.00	 1.24	 1.24	 3.10	 3.10	
1982	 7	 1	      62	1	351.33	-999.00	  0.00	10.00	10.00	 0.00	 0.00	 0.00	 0.00	 1.26	 1.26	 4.17	 4.17	
1982	 7	 2	      63	1	356.56	-999.00	  0.00	10.00	10.00	 0.00	 0.00	 0.00	 0.00	 1.30	 1.30	 5.40	 5.40	
1982	 7	 3	      64	1	362.22	-999.00	  0.00	10.00	10.00	 0.00	 0.00	 0.00	 0.00	 1.17	 1.17	 6.05	 6.05	
1982	 7	 4	      65	1	367.44	-999.00	  0.00	10.00	10.00	 0.00	 0.00	 0.00	 0.00	 1.32	 1.32	 7.15	 8.45	
1982	 7	 5	      66	1	376.05	-999.00	  0.00	10.00	10.00	 0.00	 0.00	 0.00	 0.00	 0.67	 0.67	 5.21	 5.21	
1982	 7	 6	      67	1	379.61	-999.00	  0.00	10.00	10.00	 0.00	 0.00	 0.00	 0.00	 0.63	 0.63	 5.55	 5.55	
1982	 7	 7	      68	1	385.96	-999.00	  0.00	10.00	10.00	 0.00	 0.00	 0.00	 0.00	 0.57	 0.57	 5.78	 5.78	
1982	 7	 8	      69	1	392.00	-999.00	  0.00	10.00	10.00	 0.00	 0.00	 0.00	 0.00	 0.51	 0.51	 6.19	 6.19	
1982	 7	 9	      70	1	399.62	-999.00	  0.00	10.00	10.00	 0.00	 0.00	 0.00	 0.00	 0.35	 0.35	 5.02	 5.02	
1982	 7	10	      71	1	402.88	-999.00	  0.00	10.00	10.00	 0.00	 0.00	 0.00	 0.00	 0.32	 0.32	 5.32	 5.32	
1982	 7	11	      72	1	411.25	-999.00	  0.00	10.00	10.00	 0.00	 0.00	 0.00	 0.00	 0.18	 0.18	 3.39	 3.39	
1982	 7	12	      73	1	415.37	-999.00	  0.00	10.00	10.00	 0.00	 0.51	 0.00	 0.00	 0.29	 0.29	 6.16	 6.16	
1982	 7	13	      74	1	420.89	-999.00	  0.00	10.00	10.00	 0.00	 4.42	 0.00	 0.00	 0.25	 0.25	 6.21	 6.21	
1982	 7	14	      75	1	426.68	-999.00	  0.00	10.00	10.00	 0.00	 3.80	 0.00	 0.00	 0.22	 0.22	 6.60	 6.60	
1982	 7	15	      76	1	432.30	-999.00	  0.00	10.00	10.00	 0.00	 3.32	 0.00	 0.00	 0.20	 0.20	 7.18	 7.18	
1982	 7	16	      77	1	437.91	-999.00	  0.00	10.00	10.00	 0.00	 2.80	 0.00	 0.00	 0.19	 0.19	 7.74	 7.74	
1982	 7	17	      78	1	445.10	-999.00	  0.00	10.00	10.00	 0.00	 2.22	 0.00	 0.00	 0.15	 0.15	 6.80	 6.80	
1982	 7	18	      79	1	451.48	-999.00	  0.00	10.00	10.00	 0.00	 2.76	 0.00	 0.00	 0.13	 0.13	 6.79	 6.79	
1982	 7	19	      80	1	456.11	-999.00	  0.00	10.00	10.00	 0.00	 3.01	 0.00	 0.00	 0.14	 0.14	 8.45	 8.45	
1982	 7	20	      81	1	462.71	-999.00	  0.00	10.00	10.00	 0.00	 1.84	 0.00	 0.00	 0.12	 0.12	 7.89	 7.89	
1982	 7	21	      82	1	468.03	-999.00	  0.00	10.00	10.00	 0.00	 1.90	 0.00	 0.00	 0.12	 0.12	 8.87	 8.95	
1982	 7	22	      83	1	474.93	-999.00	  0.00	10.00	10.00	 0.00	 1.21	 0.00	 0.00	 0.09	 0.09	 8.11	 8.11	
1982	 7	23	      84	1	480.17	-999.00	  0.00	10.00	10.00	 0.00	 1.64	 0.00	 0.00	 0.10	 0.10	 9.12	 9.42	
1982	 7	24	      85	1	486.82	-999.00	  0.00	10.00	10.00	 0.00	 0.98	 0.00	 0.00	 0.08	 0.08	 8.64	 8.64	
1982	 7	25	      86	1	496.46	-999.00	  0.00	10.00	10.00	 0.00	 1.20	 0.00	 0.00	 0.07	 0.07	 8.33	 8.33	
1982	 7	26	      87	1	505.07	-999.00	  0.00	10.00	10.00	 0.00	 1.51	 0.00	 0.00	 0.05	 0.05	 5.98	 5.98	
1982	 7	27	      88	1	511.61	-999.00	  0.00	10.00	10.00	 0.00	 3.19	 0.00	 0.00	 0.02	 0.02	 3.05	 3.05	
1982	 7	28	      89	1	518.38	-999.00	  0.00	10.00	10.00	 0.00	 5.40	 0.00	 0.00	 0.03	 0.03	 3.66	 3.66	
1982	 7	29	      90	1	525.90	-999.00	  0.00	10.00	10.00	 0.00	 6.26	 0.00	 0.00	 0.02	 0.02	 2.32	 2.32	
1982	 7	30	      91	1	529.39	-999.00	  0.00	10.00	10.00	 0.00	 6.95	 0.00	 0.00	 0.04	 0.04	 5.66	 5.66	
1982	 7	31	      92	1	530.29	-999.00	  0.00	10.00	10.00	 0.00	 5.76	 0.00	 0.00	 0.04	 0.04	 6.62	 6.62	
1982	 8	 1	      93	1	533.94	-999.00	  0.00	10.00	10.00	 0.00	 4.15	 0.00	 0.00	 0.06	 0.06	 8.61	 8.61	
1982	 8	 2	      94	1	539.82	-999.00	  0.00	10.00	10.00	 0.00	 2.10	 0.00	 0.00	 0.05	 0.05	 8.48	 8.48	
1982	 8	 3	      95	1	547.00	-999.00	  0.00	10.00	10.00	 0.00	 1.55	 0.00	 0.00	 0.05	 0.05	 7.48	 7.48	
1982	 8	 4	      96	1	557.46	-999.00	  0.00	10.00	10.00	 0.00	 2.20	 0.00	 0.00	 0.02	 0.02	 3.43	 3.43	
1982	 8	 5	      97	1	562.47	-999.00	  0.00	10.00	10.00	 0.00	 4.77	 0.00	 0.00	 0.04	 0.04	 6.07	 6.07	
1982	 8	 6	      98	1	568.14	-999.00	  0.00	10.00	10.00	 0.00	 4.72	 0.00	 0.00	 0.03	 0.03	 5.83	 5.83	
1982	 8	 7	      99	1	573.97	-999.00	  0.00	10.00	10.00	 0.00	 4.29	 0.00	 0.00	 0.04	 0.04	 6.12	 6.12	
1982	 8	 8	     100	1	579.64	-999.00	  0.00	10.00	10.00	 0.00	 3.98	 0.00	 0.00	 0.04	 0.04	 6.56	 6.56	
1982	 8	 9	     101	1	585.27	-999.00	  0.00	10.00	10.00	 0.00	 3.61	 0.00	 0.00	 0.02	 0.02	 3.88	 3.88	
1982	 8	10	     102	1	592.09	-999.00	  0.00	10.00	10.00	 0.00	 4.95	 0.00	 0.00	 0.01	 0.01	 1.19	 1.19	
1982	 8	11	     103	1	596.88	-999.00	  0.00	10.00	10.00	 0.00	 6.91	 0.00	 0.00	 0.01	 0.01	 1.20	 1.20	
1982	 8	12	     104	1	596.01	-999.00	  0.00	10.00	10.00	 0.00	 8.18	 0.00	 0.00	 0.03	 0.03	 5.66	 5.66	
1982	 8	13	     105	1	601.30	-999.00	  0.00	10.00	10.00	 0.00	 6.59	 0.00	 0.00	 0.03	 0.03	 4.49	 4.49	
1982	 8	14	     106	1	606.75	-999.00	  0.00	10.00	10.00	 0.00	 5.72	 0.00	 0.00	 0.03	 0.03	 5.11	 5.11	
1982	 8	15	     107	1	612.36	-999.00	  0.00	10.00	10.00	 0.00	 5.21	 0.00	 0.00	 0.03	 0.03	 5.42	 5.42	
1982	 8	16	     108	1	618.44	-999.00	  0.00	10.00	10.00	 0.00	 4.78	 0.00	 0.00	 0.03	 0.03	 5.36	 5.36	
1982	 8	17	     109	1	626.46	-999.00	  0.00	10.00	10.00	 0.00	 4.64	 0.00	 0.00	 0.02	 0.02	 3.55	 3.55	
1982	 8	18	     110	1	630.57	-999.00	  0.00	10.00	10.00	 0.00	 5.53	 0.00	 0.00	 0.04	 0.04	 6.47	 6.47	
1982	 8	19	     111	1	636.67	-999.00	  0.00	10.00	10.00	 0.00	 4.59	 0.00	 0.00	 0.03	 0.03	 5.57	 5.57	
1982	 8	20	     112	1	644.81	-999.00	  0.00	10.00	10.00	 0.00	 4.33	 0.00	 0.00	 0.02	 0.02	 3.74	 3.74	
1982	 8	21	     113	1	648.83	-999.00	  0.00	10.00	10.00	 0.00	 5.33	 0.00	 0.00	 0.02	 0.02	 3.67	 3.67	
1982	 8	22	     114	1	654.73	-999.00	  0.00	10.00	10.00	 0.00	 6.04	 0.00	 0.00	 0.03	 0.03	 4.23	 4.23	
1982	 8	23	     115	1	660.00	-999.00	  0.00	10.00	10.00	 0.00	 5.99	 0.00	 0.00	 0.03	 0.03	 4.94	 4.94	
1982	 8	24	     116	1	663.71	-999.00	  0.00	10.00	10.00	 0.00	 5.45	 0.00	 0.00	 0.02	 0.02	 3.96	 3.96	
1982	 8	25	     117	1	666.20	-999.00	  0.00	10.00	10.00	 0.00	 5.65	 0.00	 0.00	 0.03	 0.03	 4.93	 4.93	
1982	 8	26	     118	1	671.64	-999.00	  0.00	10.00	10.00	 0.00	 5.40	 0.00	 0.00	 0.03	 0.03	 5.36	 5.36	
1982	 8	27	     119	1	677.22	-999.00	  0.00	10.00	10.00	 0.00	 4.92	 0.00	 0.00	 0.02	 0.02	 2.61	 2.61	
1982	 8	28	     120	1	682.08	-999.00	  0.00	10.00	10.00	 0.00	 6.03	 0.00	 0.00	 0.03	 0.03	 5.26	 5.26	
1982	 8	29	     121	1	686.89	-999.00	  0.00	10.00	10.00	 0.00	 5.68	 0.00	 0.00	 0.04	 0.04	 5.71	 5.71	
1982	 8	30	     122	1	694.75	-999.00	  0.00	10.00	10.00	 0.00	 4.77	 0.00	 0.00	 0.02	 0.02	 3.59	 3.59	
1982	 8	31	     123	1	696.94	-999.00	  0.00	10.00	10.00	 0.00	 5.46	 0.00	 0.00	 0.03	 0.03	 5.41	 5.41	
1982	 9	 1	     124	1	703.17	-999.00	  0.00	10.00	10.00	 0.00	 5.21	 0.00	 0.00	 0.03	 0.03	 4.76	 4.76	
1982	 9	 2	     125	1	706.35	-999.00	  0.00	10.00	10.00	 0.00	 5.10	 0.00	 0.00	 0.03	 0.03	 4.80	 4.80	
1982	 9	 3	     126	1	711.92	-999.00	  0.00	10.00	10.00	 0.00	 5.15	 0.00	 0.00	 0.04	 0.04	 5.47	 5.47	
1982	 9	 4	     127	1	714.91	-999.00	  0.00	10.00	10.00	 0.00	 4.81	 0.00	 0.00	 0.03	 0.03	 5.27	 5.27	
1982	 9	 5	     128	1	723.84	-999.00	  0.00	10.00	10.00	 0.00	 4.68	 0.00	 0.00	 0.02	 0.02	 2.60	 2.60	
1982	 9	 6	     129	1	727.81	-999.00	  0.00	10.00	10.00	 0.00	 5.99	 0.00	 0.00	 0.02	 0.02	 3.11	 3.11	
1982	 9	 7	     130	1	731.39	-999.00	  0.00	10.00	10.00	 0.00	 6.75	 0.00	 0.00	 0.02	 0.02	 2.76	 2.76	
1982	 9	 8	     131	1	733.71	-999.00	  0.00	10.00	10.00	 0.00	 7.05	 0.00	 0.00	 0.03	 0.03	 3.71	 3.71	
1982	 9	 9	     132	1	731.95	-999.00	  0.00	10.00	10.00	 0.00	 6.73	 0.00	 0.00	 0.07	 0.07	 4.96	 4.96	
1982	 9	10	     133	1	730.06	-999.00	  0.00	10.00	10.00	 0.00	 5.77	 0.00	 0.00	 0.12	 0.12	 6.00	 6.00	
1982	 9	11	     134	1	733.35	-999.00	  0.00	10.00	10.00	 0.00	 4.59	 0.00	 0.00	 0.05	 0.05	 2.07	 2.07	
1982	 9	12	     135	1	735.63	-999.00	  0.00	10.00	10.00	 0.00	 5.99	 0.00	 0.00	 0.04	 0.04	 1.69	 1.69	
1982	 9	13	     136	1	736.70	-999.00	  0.00	10.00	10.00	 0.00	 7.45	 0.00	 0.00	 0.04	 0.04	 1.44	 1.44	
1982	 9	14	     137	1	736.93	-999.00	  0.00	10.00	10.00	 0.00	 8.15	 0.00	 0.00	 0.05	 0.05	 1.57	 1.57	
1982	 9	15	     138	1	736.79	-999.00	  0.00	10.00	10.00	 0.00	 8.37	 0.00	 0.00	 0.06	 0.06	 1.72	 1.72	
1982	 9	16	     139	1	735.54	-999.00	  0.00	10.00	10.00	 0.00	 8.35	 0.00	 0.00	 0.11	 0.11	 2.79	 2.79	
1982	 9	17	     140	1	736.80	-999.00	  0.00	10.00	10.00	 0.00	 7.85	 0.00	 0.00	 0.04	 0.04	 0.86	 0.86	
1982	 9	18	     141	1	735.59	-999.00	  0.00	10.00	10.00	 0.00	 8.05	 0.00	 0.00	 0.15	 0.15	 3.01	 3.01	
1982	 9	19	     142	1	734.32	-999.00	  0.00	10.00	10.00	 0.00	 7.82	 0.00	 0.00	 0.18	 0.18	 3.27	 3.27	
1982	 9	20	     143	1	734.20	-999.00	  0.00	10.00	10.00	 0.00	 7.18	 0.00	 0.00	 0.18	 0.18	 2.76	 2.76	
1982	 9	21	     144	1	733.87	-999.00	  0.00	10.00	10.00	 0.00	 7.00	 0.00	 0.00	 0.22	 0.22	 3.10	 3.10	
1982	 9	22	     145	1	732.74	-999.00	  0.00	10.00	10.00	 0.00	 6.87	 0.00	 0.00	 0.34	 0.34	 3.93	 3.93	
1982	 9	23	     146	1	733.12	-999.00	  0.00	10.00	10.00	 0.00	 6.36	 0.00	 0.00	 0.30	 0.30	 2.95	 2.95	
1982	 9	24	     147	1	733.74	-999.00	  0.00	10.00	10.00	 0.00	 6.41	 0.00	 0.00	 0.31	 0.31	 2.66	 2.66	
1982	 9	25	     148	1	734.24	-999.00	  0.00	10.00	10.00	 0.00	 6.76	 0.00	 0.00	 0.31	 0.31	 2.42	 2.42	
1982	 9	26	     149	1	734.14	-999.00	  0.00	10.00	10.00	 0.00	 7.06	 0.00	 0.00	 0.42	 0.42	 2.64	 2.64	
1982	 9	27	     150	1	732.65	-999.00	  0.00	10.00	10.00	 0.00	 7.11	 0.00	 0.00	 0.70	 0.70	 3.68	 3.68	
1982	 9	28	     151	1	732.23	-999.00	  0.00	10.00	10.00	 0.00	 6.53	 0.00	 0.00	 0.70	 0.70	 3.20	 3.20	
1982	 9	29	     152	1	732.93	-999.00	  0.00	10.00	10.00	 0.00	 6.22	 0.00	 0.00	 0.61	 0.61	 2.46	 2.46	
1982	 9	30	     153	1	735.80	-999.00	  0.00	10.00	10.00	 0.00	 6.48	 0.00	 0.00	 0.13	 0.13	 0.53	 0.53	
1982	10	 1	     154	1	737.55	-999.00	  0.00	10.00	10.00	 0.00	 7.43	 0.00	 0.00	 0.17	 0.17	 0.65	 0.65	
1982	10	 2	     155	1	736.72	-999.00	  0.00	10.00	10.00	 0.00	 8.38	 0.00	 0.00	 0.56	 0.56	 1.88	 1.88	
1982	10	 3	     156	1	735.58	-999.00	  0.00	10.00	10.00	 0.00	 8.50	 0.00	 0.00	 0.67	 0.67	 1.97	 1.97	
1982	10	 4	     157	1	735.55	-999.00	  0.00	10.00	10.00	 0.00	 8.07	 0.00	 0.00	 0.55	 0.55	 1.41	 1.41	
1982	10	 5	     158	1	735.28	-999.00	  0.00	10.00	10.00	 0.00	 7.87	 0.00	 0.00	 0.75	 0.75	 1.65	 1.65	
1982	10	 6	     159	1	735.60	-999.00	  0.00	10.00	10.00	 0.00	 7.82	 0.00	 0.00	 0.62	 0.62	 1.24	 1.24	
1982	10	 7	     160	1	735.52	-999.00	  0.00	10.00	10.00	 0.00	 7.87	 0.00	 0.00	 0.83	 0.83	 1.39	 1.39	
1982	10	 8	     161	1	736.70	-999.00	  0.00	10.00	10.00	 0.00	 7.91	 0.00	 0.00	 0.36	 0.36	 0.55	 0.55	
1982	10	 9	     162	1	737.98	-999.00	  0.00	10.00	10.00	 0.00	 8.17	 0.00	 0.00	 0.22	 0.22	 0.33	 0.33	
1982	10	10	     163	1	738.15	-999.00	  0.00	10.00	10.00	 0.00	 8.65	 0.00	 0.00	 0.48	 0.48	 0.70	 0.70	
1982	10	11	     164	1	737.62	-999.00	  0.00	10.00	10.00	 0.00	 8.93	 0.00	 0.00	 0.68	 0.68	 0.92	 0.92	
1982	10	12	     165	1	737.65	-999.00	  0.00	10.00	10.00	 0.00	 8.87	 0.00	 0.00	 0.49	 0.49	 0.62	 0.62	
1982	10	13	     166	1	737.80	-999.00	  0.00	10.00	10.00	 0.00	 8.78	 0.00	 0.00	 0.51	 0.51	 0.57	 0.57	
1982	10	14	     167	1	737.32	-999.00	  0.00	10.00	10.00	 0.00	 8.80	 0.00	 0.00	 0.90	 0.90	 0.77	 0.77	
1982	10	15	     168	1	737.14	-999.00	  0.00	10.00	10.00	 0.00	 8.74	 0.00	 0.00	 0.87	 0.87	 0.57	 0.57	
1982	10	16	     169	1	736.68	-999.00	  0.00	10.00	10.00	 0.00	 8.63	 0.00	 0.00	 1.29	 1.29	 0.54	 0.54	
1982	10	17	     170	1	736.71	-999.00	  0.00	10.00	10.00	 0.00	 8.50	 0.00	 0.00	 1.19	 1.19	 0.29	 0.29	
1982	10	18	     171	1	736.57	-999.00	  0.00	10.00	10.00	 0.00	 8.43	 0.00	 0.00	 1.51	 1.51	 0.20	 0.20	
1982	10	19	     172	1	737.63	-999.00	  0.00	10.00	10.00	 0.00	 8.39	 0.00	 0.00	 0.48	 0.48	 0.06	 0.06	
1982	10	20	     173	1	738.07	-999.00	  0.00	10.00	10.00	 0.00	 8.58	 0.00	 0.00	 0.89	 0.89	 0.08	 0.08	
1982	10	21	     174	1	738.05	-999.00	  0.00	10.00	10.00	 0.00	 8.84	 0.00	 0.00	 1.11	 1.11	 0.06	 0.06	
1982	10	22	     175	1	737.16	-999.00	  0.00	10.00	10.00	 0.00	 8.95	 0.00	 0.00	 1.91	 1.91	 0.03	 0.03	
1982	10	23	     176	1	736.70	-999.00	  0.00	10.00	10.00	 0.00	 8.79	 0.00	 0.00	 1.67	 1.67	 0.00	 0.00	
1982	10	24	       0	0	  0.00	  0.00	  0.00	 0.00	 0.00	 0.00	 0.00	 0.00	 0.00	 0.00	 0.00	 0.00	 0.00	
1982	10	25	       0	0	  0.00	  0.00	  0.00	 0.00	 0.00	 0.00	 0.00	 0.00	 0.00	 0.00	 0.00	 0.00	 0.00	
1982	10	26	       0	0	  0.00	  0.00	  0.00	 0.00	 0.00	 0.00	 0.00	 0.00	 0.00	 0.00	 0.00	 0.00	 0.00	
1982	10	27	       0	0	  0.00	  0.00	  0.00	 0.00	 0.00	 0.00	 0.00	 0.00	 0.00	 0.00	 0.00	 0.00	 0.00	
1982	10	28	       0	0	  0.00	  0.00	  0.00	 0.00	 0.00	 0.00	 0.00	 0.00	 0.00	 0.00	 0.00	 0.00	 0.00	
1982	10	29	       0	0	  0.00	  0.00	  0.00	 0.00	 0.00	 0.00	 0.00	 0.00	 0.00	 0.00	 0.00	 0.00	 0.00	
1982	10	30	       0	0	  0.00	  0.00	  0.00	 0.00	 0.00	 0.00	 0.00	 0.00	 0.00	 0.00	 0.00	 0.00	 0.00	
