Year	Month	Day	SimDay	Season	0.05m	0.15m	0.25m	0.375m	0.525m	0.7m	0.9m	1.125m	1.375m	1.625m	1.875m	2.15m	
1982	 5	 1	       1	1	0.1983	0.1500	0.1500	0.1500	0.1500	0.1500	0.1500	0.1500	0.1500	0.1500	0.1500	0.1500	
1982	 5	 2	       2	1	0.2440	0.1500	0.1500	0.1500	0.1500	0.1500	0.1500	0.1500	0.1500	0.1500	0.1500	0.1500	
1982	 5	 3	       3	1	0.2691	0.1500	0.1500	0.1500	0.1500	0.1500	0.1500	0.1500	0.1500	0.1500	0.1500	0.1500	
1982	 5	 4	       4	1	0.3278	0.1500	0.1500	0.1500	0.1500	0.1500	0.1500	0.1500	0.1500	0.1500	0.1500	0.1500	
1982	 5	 5	       5	1	0.4068	0.1626	0.1500	0.1500	0.1500	0.1500	0.1500	0.1500	0.1500	0.1500	0.1500	0.1500	
1982	 5	 6	       6	1	0.3927	0.2343	0.1500	0.1500	0.1500	0.1500	0.1500	0.1500	0.1500	0.1500	0.1500	0.1500	
1982	 5	 7	       7	1	0.3813	0.2950	0.1500	0.1500	0.1500	0.1500	0.1500	0.1500	0.1500	0.1500	0.1500	0.1500	
1982	 5	 8	       8	1	0.3674	0.3205	0.1766	0.1500	0.1500	0.1500	0.1500	0.1500	0.1500	0.1500	0.1500	0.1500	
1982	 5	 9	       9	1	0.3344	0.3244	0.2142	0.1500	0.1500	0.1500	0.1500	0.1500	0.1500	0.1500	0.1500	0.1500	
1982	 5	10	      10	1	0.3491	0.3170	0.2390	0.1500	0.1500	0.1500	0.1500	0.1500	0.1500	0.1500	0.1500	0.1500	
1982	 5	11	      11	1	0.4117	0.3199	0.2642	0.1500	0.1500	0.1500	0.1500	0.1500	0.1500	0.1500	0.1500	0.1500	
1982	 5	12	      12	1	0.4283	0.3326	0.3149	0.1581	0.1500	0.1500	0.1500	0.1500	0.1500	0.1500	0.1500	0.1500	
1982	 5	13	      13	1	0.4248	0.3383	0.3257	0.2060	0.1500	0.1500	0.1500	0.1500	0.1500	0.1500	0.1500	0.1500	
1982	 5	14	      14	1	0.4175	0.3389	0.3261	0.2625	0.1500	0.1500	0.1500	0.1500	0.1500	0.1500	0.1500	0.1500	
1982	 5	15	      15	1	0.4047	0.3376	0.3255	0.3121	0.1551	0.1500	0.1500	0.1500	0.1500	0.1500	0.1500	0.1500	
1982	 5	16	      16	1	0.3933	0.3347	0.3240	0.3198	0.1969	0.1500	0.1500	0.1500	0.1500	0.1500	0.1500	0.1500	
1982	 5	17	      17	1	0.3900	0.3321	0.3224	0.3187	0.2416	0.1500	0.1500	0.1500	0.1500	0.1500	0.1500	0.1500	
1982	 5	18	      18	1	0.3669	0.3313	0.3216	0.3180	0.2824	0.1500	0.1500	0.1500	0.1500	0.1500	0.1500	0.1500	
1982	 5	19	      19	1	0.3630	0.3257	0.3193	0.3166	0.3120	0.1535	0.1500	0.1500	0.1500	0.1500	0.1500	0.1500	
1982	 5	20	      20	1	0.3901	0.3247	0.3179	0.3155	0.3139	0.1733	0.1500	0.1500	0.1500	0.1500	0.1500	0.1500	
1982	 5	21	      21	1	0.3801	0.3297	0.3205	0.3168	0.3144	0.1974	0.1500	0.1500	0.1500	0.1500	0.1500	0.1500	
1982	 5	22	      22	1	0.3805	0.3289	0.3202	0.3170	0.3147	0.2231	0.1500	0.1500	0.1500	0.1500	0.1500	0.1500	
1982	 5	23	      23	1	0.3863	0.3290	0.3201	0.3169	0.3147	0.2490	0.1500	0.1500	0.1500	0.1500	0.1500	0.1500	
1982	 5	24	      24	1	0.4114	0.3301	0.3208	0.3173	0.3149	0.2757	0.1500	0.1500	0.1500	0.1500	0.1500	0.1500	
1982	 5	25	      25	1	0.3915	0.3349	0.3236	0.3190	0.3159	0.3074	0.1500	0.1500	0.1500	0.1500	0.1500	0.1500	
1982	 5	26	      26	1	0.3924	0.3317	0.3222	0.3185	0.3158	0.3144	0.1755	0.1500	0.1500	0.1500	0.1500	0.1500	
1982	 5	27	      27	1	0.3688	0.3319	0.3218	0.3181	0.3155	0.3142	0.2067	0.1500	0.1500	0.1500	0.1500	0.1500	
1982	 5	28	      28	1	0.4040	0.3261	0.3196	0.3168	0.3148	0.3137	0.2341	0.1500	0.1500	0.1500	0.1500	0.1500	
1982	 5	29	      29	1	0.3945	0.3326	0.3222	0.3180	0.3153	0.3139	0.2626	0.1500	0.1500	0.1500	0.1500	0.1500	
1982	 5	30	      30	1	0.4170	0.3324	0.3221	0.3183	0.3156	0.3142	0.2931	0.1500	0.1500	0.1500	0.1500	0.1500	
1982	 5	31	      31	1	0.3937	0.3363	0.3245	0.3197	0.3164	0.3148	0.3135	0.1612	0.1500	0.1500	0.1500	0.1500	
1982	 6	 1	      32	1	0.4078	0.3322	0.3227	0.3189	0.3162	0.3147	0.3135	0.1888	0.1500	0.1500	0.1500	0.1500	
1982	 6	 2	      33	1	0.4263	0.3347	0.3235	0.3191	0.3162	0.3147	0.3135	0.2163	0.1500	0.1500	0.1500	0.1500	
1982	 6	 3	      34	1	0.4303	0.3384	0.3258	0.3206	0.3170	0.3152	0.3139	0.2465	0.1500	0.1500	0.1500	0.1500	
1982	 6	 4	      35	1	0.3958	0.3399	0.3267	0.3214	0.3177	0.3158	0.3143	0.2800	0.1500	0.1500	0.1500	0.1500	
1982	 6	 5	      36	1	0.4039	0.3327	0.3235	0.3197	0.3168	0.3152	0.3140	0.3105	0.1511	0.1500	0.1500	0.1500	
1982	 6	 6	      37	1	0.3526	0.3341	0.3231	0.3190	0.3162	0.3148	0.3137	0.3130	0.1774	0.1500	0.1500	0.1500	
1982	 6	 7	      38	1	0.3648	0.3219	0.3185	0.3164	0.3147	0.3137	0.3129	0.3124	0.2009	0.1500	0.1500	0.1500	
1982	 6	 8	      39	1	0.3606	0.3243	0.3175	0.3152	0.3137	0.3129	0.3122	0.3118	0.2193	0.1500	0.1500	0.1500	
1982	 6	 9	      40	1	0.3610	0.3240	0.3174	0.3150	0.3134	0.3126	0.3120	0.3116	0.2350	0.1500	0.1500	0.1500	
1982	 6	10	      41	1	0.3687	0.3241	0.3174	0.3150	0.3134	0.3125	0.3119	0.3115	0.2499	0.1500	0.1500	0.1500	
1982	 6	11	      42	1	0.3816	0.3256	0.3182	0.3155	0.3136	0.3127	0.3120	0.3116	0.2653	0.1500	0.1500	0.1500	
1982	 6	12	      43	1	0.3838	0.3284	0.3198	0.3164	0.3142	0.3131	0.3123	0.3118	0.2827	0.1500	0.1500	0.1500	
1982	 6	13	      44	1	0.3947	0.3295	0.3204	0.3170	0.3147	0.3135	0.3126	0.3121	0.3023	0.1500	0.1500	0.1500	
1982	 6	14	      45	1	0.3932	0.3318	0.3217	0.3178	0.3152	0.3139	0.3129	0.3123	0.3118	0.1623	0.1500	0.1500	
1982	 6	15	      46	1	0.3980	0.3320	0.3219	0.3181	0.3154	0.3141	0.3131	0.3124	0.3120	0.1857	0.1500	0.1500	
1982	 6	16	      47	1	0.3752	0.3329	0.3224	0.3184	0.3157	0.3143	0.3132	0.3126	0.3120	0.2103	0.1500	0.1500	
1982	 6	17	      48	1	0.3895	0.3277	0.3204	0.3173	0.3151	0.3139	0.3130	0.3124	0.3119	0.2338	0.1500	0.1500	
1982	 6	18	      49	1	0.4011	0.3304	0.3209	0.3174	0.3150	0.3138	0.3129	0.3123	0.3119	0.2563	0.1500	0.1500	
1982	 6	19	      50	1	0.3764	0.3329	0.3225	0.3184	0.3155	0.3141	0.3131	0.3125	0.3120	0.2798	0.1500	0.1500	
1982	 6	20	      51	1	0.3704	0.3262	0.3205	0.3174	0.3151	0.3139	0.3130	0.3124	0.3119	0.3031	0.1500	0.1500	
1982	 6	21	      52	1	0.3624	0.3199	0.3187	0.3161	0.3143	0.3133	0.3126	0.3121	0.3117	0.3114	0.1624	0.1500	
1982	 6	22	      53	1	0.3733	0.3187	0.3169	0.3149	0.3135	0.3127	0.3121	0.3117	0.3114	0.3112	0.1799	0.1500	
1982	 6	23	      54	1	0.3766	0.3175	0.3179	0.3152	0.3135	0.3126	0.3120	0.3116	0.3113	0.3111	0.1957	0.1500	
1982	 6	24	      55	1	0.3936	0.3233	0.3181	0.3155	0.3137	0.3127	0.3121	0.3116	0.3113	0.3111	0.2114	0.1500	
1982	 6	25	      56	1	0.4025	0.3290	0.3207	0.3170	0.3145	0.3133	0.3124	0.3119	0.3115	0.3113	0.2293	0.1500	
1982	 6	26	      57	1	0.4079	0.3307	0.3225	0.3183	0.3155	0.3140	0.3130	0.3123	0.3118	0.3115	0.2510	0.1500	
1982	 6	27	      58	1	0.3954	0.3242	0.3156	0.3190	0.3160	0.3145	0.3134	0.3127	0.3121	0.3117	0.2759	0.1500	
1982	 6	28	      59	1	0.3931	0.3205	0.3119	0.3122	0.3149	0.3138	0.3130	0.3124	0.3119	0.3116	0.2997	0.1500	
1982	 6	29	      60	1	0.3958	0.3191	0.3111	0.3080	0.3101	0.3128	0.3122	0.3118	0.3115	0.3113	0.3111	0.1562	
1982	 6	30	      61	1	0.4091	0.3192	0.3111	0.3156	0.3129	0.3119	0.3115	0.3113	0.3111	0.3109	0.3108	0.1678	
1982	 7	 1	      62	1	0.4133	0.3217	0.3125	0.3086	0.3143	0.3132	0.3123	0.3117	0.3114	0.3111	0.3109	0.1809	
1982	 7	 2	      63	1	0.4154	0.3230	0.3133	0.3092	0.3070	0.3111	0.3122	0.3118	0.3114	0.3112	0.3110	0.1951	
1982	 7	 3	      64	1	0.4176	0.3236	0.3136	0.3094	0.3072	0.3072	0.3116	0.3114	0.3111	0.3110	0.3108	0.2070	
1982	 7	 4	      65	1	0.4163	0.3241	0.3139	0.3096	0.3073	0.3071	0.3078	0.3099	0.3109	0.3108	0.3107	0.2164	
1982	 7	 5	      66	1	0.4240	0.3240	0.3138	0.3096	0.3072	0.3112	0.3113	0.3108	0.3105	0.3105	0.3104	0.2226	
1982	 7	 6	      67	1	0.4265	0.3253	0.3146	0.3100	0.3075	0.3095	0.3119	0.3115	0.3111	0.3109	0.3107	0.2326	
1982	 7	 7	      68	1	0.4278	0.3260	0.3150	0.3103	0.3076	0.3086	0.3118	0.3115	0.3112	0.3110	0.3108	0.2442	
1982	 7	 8	      69	1	0.4290	0.3264	0.3152	0.3104	0.3077	0.3073	0.3112	0.3114	0.3112	0.3110	0.3108	0.2558	
1982	 7	 9	      70	1	0.4312	0.3267	0.3153	0.3105	0.3077	0.3125	0.3117	0.3113	0.3111	0.3109	0.3108	0.2668	
1982	 7	10	      71	1	0.4321	0.3271	0.3156	0.3107	0.3078	0.3111	0.3123	0.3118	0.3114	0.3111	0.3110	0.2802	
1982	 7	11	      72	1	0.4340	0.3273	0.3157	0.3134	0.3152	0.3132	0.3122	0.3118	0.3114	0.3112	0.3110	0.2944	
1982	 7	12	      73	1	0.4332	0.3277	0.3159	0.3109	0.3082	0.3082	0.3130	0.3124	0.3119	0.3115	0.3113	0.3107	
1982	 7	13	      74	1	0.4335	0.3276	0.3158	0.3108	0.3078	0.3072	0.3118	0.3117	0.3114	0.3112	0.3111	0.3109	
1982	 7	14	      75	1	0.4339	0.3276	0.3158	0.3108	0.3078	0.3071	0.3099	0.3115	0.3112	0.3110	0.3109	0.3108	
1982	 7	15	      76	1	0.4342	0.3277	0.3159	0.3108	0.3077	0.3070	0.3071	0.3113	0.3111	0.3109	0.3108	0.3107	
1982	 7	16	      77	1	0.4344	0.3277	0.3159	0.3107	0.3077	0.3069	0.3070	0.3091	0.3109	0.3108	0.3107	0.3106	
1982	 7	17	      78	1	0.4350	0.3277	0.3159	0.3107	0.3076	0.3068	0.3093	0.3111	0.3107	0.3106	0.3105	0.3105	
1982	 7	18	      79	1	0.4353	0.3278	0.3159	0.3107	0.3076	0.3068	0.3095	0.3113	0.3110	0.3108	0.3107	0.3106	
1982	 7	19	      80	1	0.4353	0.3279	0.3159	0.3107	0.3075	0.3067	0.3067	0.3078	0.3103	0.3108	0.3107	0.3106	
1982	 7	20	      81	1	0.4356	0.3279	0.3159	0.3107	0.3075	0.3066	0.3066	0.3092	0.3106	0.3104	0.3104	0.3104	
1982	 7	21	      82	1	0.4356	0.3279	0.3159	0.3107	0.3074	0.3066	0.3065	0.3073	0.3088	0.3105	0.3105	0.3104	
1982	 7	22	      83	1	0.4359	0.3279	0.3159	0.3106	0.3074	0.3065	0.3064	0.3087	0.3105	0.3103	0.3103	0.3102	
1982	 7	23	      84	1	0.4360	0.3279	0.3159	0.3106	0.3074	0.3064	0.3063	0.3070	0.3084	0.3104	0.3104	0.3104	
1982	 7	24	      85	1	0.4362	0.3279	0.3159	0.3106	0.3073	0.3064	0.3062	0.3069	0.3104	0.3102	0.3102	0.3102	
1982	 7	25	      86	1	0.4363	0.3280	0.3159	0.3105	0.3072	0.3063	0.3061	0.3083	0.3104	0.3104	0.3103	0.3103	
1982	 7	26	      87	1	0.4367	0.3280	0.3159	0.3105	0.3072	0.3090	0.3118	0.3109	0.3105	0.3104	0.3104	0.3103	
1982	 7	27	      88	1	0.4371	0.3280	0.3159	0.3161	0.3154	0.3133	0.3120	0.3116	0.3112	0.3110	0.3108	0.3107	
1982	 7	28	      89	1	0.4371	0.3281	0.3159	0.3121	0.3162	0.3146	0.3134	0.3126	0.3120	0.3116	0.3113	0.3112	
1982	 7	29	      90	1	0.4372	0.3281	0.3178	0.3198	0.3157	0.3143	0.3133	0.3127	0.3121	0.3118	0.3115	0.3113	
1982	 7	30	      91	1	0.4370	0.3281	0.3159	0.3107	0.3084	0.3126	0.3138	0.3130	0.3124	0.3120	0.3117	0.3115	
1982	 7	31	      92	1	0.4369	0.3281	0.3159	0.3105	0.3071	0.3063	0.3125	0.3121	0.3118	0.3115	0.3113	0.3112	
1982	 8	 1	      93	1	0.4367	0.3280	0.3159	0.3104	0.3070	0.3059	0.3056	0.3086	0.3112	0.3111	0.3109	0.3108	
1982	 8	 2	      94	1	0.4367	0.3280	0.3158	0.3104	0.3070	0.3058	0.3055	0.3087	0.3105	0.3105	0.3104	0.3104	
1982	 8	 3	      95	1	0.4368	0.3280	0.3158	0.3103	0.3069	0.3058	0.3079	0.3108	0.3105	0.3104	0.3104	0.3103	
1982	 8	 4	      96	1	0.4371	0.3280	0.3158	0.3137	0.3154	0.3132	0.3117	0.3110	0.3108	0.3107	0.3105	0.3105	
1982	 8	 5	      97	1	0.4370	0.3280	0.3158	0.3103	0.3073	0.3103	0.3132	0.3125	0.3118	0.3115	0.3112	0.3110	
1982	 8	 6	      98	1	0.4370	0.3280	0.3158	0.3103	0.3068	0.3104	0.3122	0.3118	0.3115	0.3113	0.3111	0.3110	
1982	 8	 7	      99	1	0.4370	0.3280	0.3158	0.3103	0.3068	0.3090	0.3121	0.3117	0.3114	0.3112	0.3110	0.3109	
1982	 8	 8	     100	1	0.4369	0.3280	0.3157	0.3102	0.3067	0.3068	0.3120	0.3116	0.3113	0.3111	0.3109	0.3108	
1982	 8	 9	     101	1	0.4371	0.3279	0.3157	0.3108	0.3154	0.3132	0.3118	0.3114	0.3112	0.3110	0.3108	0.3107	
1982	 8	10	     102	1	0.4373	0.3312	0.3260	0.3198	0.3155	0.3141	0.3130	0.3123	0.3118	0.3115	0.3112	0.3111	
1982	 8	11	     103	1	0.4374	0.3317	0.3265	0.3213	0.3175	0.3155	0.3140	0.3132	0.3125	0.3120	0.3117	0.3115	
1982	 8	12	     104	1	0.4371	0.3288	0.3162	0.3118	0.3090	0.3141	0.3144	0.3135	0.3128	0.3123	0.3120	0.3117	
1982	 8	13	     105	1	0.4371	0.3281	0.3158	0.3103	0.3124	0.3136	0.3128	0.3124	0.3120	0.3117	0.3115	0.3113	
1982	 8	14	     106	1	0.4370	0.3280	0.3157	0.3102	0.3080	0.3138	0.3129	0.3123	0.3118	0.3115	0.3113	0.3112	
1982	 8	15	     107	1	0.4370	0.3279	0.3157	0.3101	0.3065	0.3129	0.3126	0.3121	0.3117	0.3114	0.3112	0.3111	
1982	 8	16	     108	1	0.4370	0.3279	0.3156	0.3101	0.3065	0.3131	0.3124	0.3119	0.3116	0.3113	0.3111	0.3110	
1982	 8	17	     109	1	0.4371	0.3279	0.3156	0.3131	0.3154	0.3132	0.3124	0.3119	0.3115	0.3113	0.3111	0.3110	
1982	 8	18	     110	1	0.4369	0.3279	0.3156	0.3100	0.3068	0.3088	0.3132	0.3125	0.3119	0.3116	0.3113	0.3112	
1982	 8	19	     111	1	0.4370	0.3279	0.3156	0.3100	0.3064	0.3122	0.3120	0.3117	0.3114	0.3112	0.3111	0.3109	
1982	 8	20	     112	1	0.4371	0.3278	0.3156	0.3119	0.3154	0.3132	0.3123	0.3118	0.3114	0.3112	0.3110	0.3109	
1982	 8	21	     113	1	0.4371	0.3279	0.3156	0.3124	0.3156	0.3142	0.3131	0.3124	0.3119	0.3115	0.3113	0.3111	
1982	 8	22	     114	1	0.4371	0.3279	0.3156	0.3100	0.3144	0.3143	0.3132	0.3126	0.3121	0.3117	0.3115	0.3113	
1982	 8	23	     115	1	0.4370	0.3279	0.3156	0.3099	0.3094	0.3140	0.3130	0.3124	0.3120	0.3117	0.3114	0.3112	
1982	 8	24	     116	1	0.4371	0.3278	0.3155	0.3105	0.3154	0.3135	0.3127	0.3122	0.3118	0.3115	0.3113	0.3111	
1982	 8	25	     117	1	0.4370	0.3278	0.3155	0.3099	0.3095	0.3141	0.3130	0.3124	0.3119	0.3116	0.3114	0.3112	
1982	 8	26	     118	1	0.4370	0.3278	0.3155	0.3099	0.3066	0.3135	0.3127	0.3122	0.3118	0.3115	0.3113	0.3111	
1982	 8	27	     119	1	0.4372	0.3278	0.3155	0.3195	0.3153	0.3132	0.3124	0.3120	0.3116	0.3113	0.3112	0.3110	
1982	 8	28	     120	1	0.4370	0.3278	0.3155	0.3099	0.3086	0.3149	0.3135	0.3127	0.3121	0.3117	0.3115	0.3113	
1982	 8	29	     121	1	0.4370	0.3278	0.3155	0.3099	0.3062	0.3120	0.3127	0.3122	0.3118	0.3115	0.3113	0.3112	
1982	 8	30	     122	1	0.4371	0.3278	0.3155	0.3130	0.3153	0.3131	0.3122	0.3118	0.3115	0.3113	0.3111	0.3110	
1982	 8	31	     123	1	0.4370	0.3278	0.3155	0.3098	0.3068	0.3143	0.3131	0.3124	0.3119	0.3116	0.3113	0.3111	
1982	 9	 1	     124	1	0.4370	0.3278	0.3155	0.3098	0.3108	0.3132	0.3125	0.3121	0.3117	0.3114	0.3112	0.3111	
1982	 9	 2	     125	1	0.4370	0.3278	0.3155	0.3098	0.3105	0.3136	0.3127	0.3121	0.3117	0.3114	0.3112	0.3111	
1982	 9	 3	     126	1	0.4370	0.3278	0.3154	0.3098	0.3061	0.3135	0.3127	0.3121	0.3117	0.3114	0.3112	0.3111	
1982	 9	 4	     127	1	0.4370	0.3277	0.3154	0.3098	0.3074	0.3131	0.3124	0.3119	0.3116	0.3113	0.3111	0.3110	
1982	 9	 5	     128	1	0.4372	0.3277	0.3154	0.3196	0.3153	0.3132	0.3124	0.3119	0.3115	0.3113	0.3111	0.3110	
1982	 9	 6	     129	1	0.4372	0.3278	0.3154	0.3162	0.3166	0.3149	0.3135	0.3127	0.3121	0.3117	0.3115	0.3113	
1982	 9	 7	     130	1	0.4372	0.3278	0.3154	0.3186	0.3162	0.3147	0.3136	0.3129	0.3123	0.3119	0.3116	0.3114	
1982	 9	 8	     131	1	0.4370	0.3278	0.3154	0.3122	0.3165	0.3149	0.3137	0.3129	0.3124	0.3120	0.3117	0.3115	
1982	 9	 9	     132	1	0.4365	0.3277	0.3154	0.3097	0.3099	0.3144	0.3133	0.3127	0.3122	0.3118	0.3116	0.3114	
1982	 9	10	     133	1	0.4358	0.3277	0.3154	0.3097	0.3060	0.3110	0.3127	0.3122	0.3118	0.3115	0.3113	0.3112	
1982	 9	11	     134	1	0.4365	0.3275	0.3206	0.3196	0.3153	0.3130	0.3121	0.3117	0.3114	0.3112	0.3111	0.3109	
1982	 9	12	     135	1	0.4367	0.3276	0.3244	0.3203	0.3169	0.3151	0.3136	0.3128	0.3122	0.3118	0.3115	0.3113	
1982	 9	13	     136	1	0.4368	0.3286	0.3259	0.3208	0.3173	0.3155	0.3141	0.3133	0.3126	0.3121	0.3118	0.3116	
1982	 9	14	     137	1	0.4367	0.3279	0.3258	0.3211	0.3175	0.3157	0.3143	0.3134	0.3127	0.3123	0.3119	0.3117	
1982	 9	15	     138	1	0.4366	0.3277	0.3242	0.3210	0.3175	0.3157	0.3143	0.3135	0.3128	0.3123	0.3120	0.3117	
1982	 9	16	     139	1	0.4359	0.3277	0.3154	0.3196	0.3174	0.3156	0.3142	0.3134	0.3128	0.3123	0.3120	0.3117	
1982	 9	17	     140	1	0.4367	0.3343	0.3259	0.3196	0.3166	0.3150	0.3139	0.3131	0.3125	0.3121	0.3118	0.3116	
1982	 9	18	     141	1	0.4355	0.3291	0.3162	0.3189	0.3176	0.3157	0.3142	0.3134	0.3127	0.3122	0.3119	0.3117	
1982	 9	19	     142	1	0.4347	0.3278	0.3154	0.3156	0.3166	0.3151	0.3139	0.3132	0.3126	0.3121	0.3118	0.3116	
1982	 9	20	     143	1	0.4347	0.3274	0.3152	0.3187	0.3160	0.3146	0.3135	0.3129	0.3123	0.3120	0.3117	0.3115	
1982	 9	21	     144	1	0.4341	0.3273	0.3151	0.3165	0.3164	0.3148	0.3136	0.3129	0.3123	0.3119	0.3117	0.3115	
1982	 9	22	     145	1	0.4325	0.3271	0.3150	0.3111	0.3160	0.3146	0.3135	0.3128	0.3123	0.3119	0.3116	0.3114	
1982	 9	23	     146	1	0.4326	0.3268	0.3148	0.3175	0.3153	0.3141	0.3131	0.3125	0.3121	0.3117	0.3115	0.3113	
1982	 9	24	     147	1	0.4325	0.3268	0.3149	0.3193	0.3161	0.3145	0.3134	0.3127	0.3121	0.3118	0.3115	0.3113	
1982	 9	25	     148	1	0.4324	0.3268	0.3173	0.3193	0.3163	0.3148	0.3136	0.3129	0.3123	0.3119	0.3116	0.3114	
1982	 9	26	     149	1	0.4311	0.3268	0.3154	0.3196	0.3165	0.3149	0.3137	0.3130	0.3124	0.3120	0.3117	0.3115	
1982	 9	27	     150	1	0.4273	0.3265	0.3146	0.3132	0.3163	0.3148	0.3136	0.3129	0.3124	0.3120	0.3117	0.3115	
1982	 9	28	     151	1	0.4264	0.3258	0.3142	0.3162	0.3153	0.3141	0.3132	0.3126	0.3121	0.3118	0.3115	0.3114	
1982	 9	29	     152	1	0.4272	0.3255	0.3171	0.3187	0.3156	0.3142	0.3132	0.3125	0.3120	0.3117	0.3115	0.3113	
1982	 9	30	     153	1	0.4333	0.3363	0.3246	0.3191	0.3161	0.3146	0.3134	0.3127	0.3122	0.3118	0.3115	0.3114	
1982	10	 1	     154	1	0.4343	0.3382	0.3267	0.3213	0.3174	0.3155	0.3141	0.3132	0.3126	0.3121	0.3118	0.3116	
1982	10	 2	     155	1	0.4298	0.3295	0.3250	0.3218	0.3180	0.3160	0.3145	0.3136	0.3129	0.3124	0.3120	0.3118	
1982	10	 3	     156	1	0.4274	0.3269	0.3228	0.3206	0.3174	0.3156	0.3143	0.3135	0.3128	0.3123	0.3120	0.3118	
1982	10	 4	     157	1	0.4283	0.3287	0.3248	0.3200	0.3169	0.3152	0.3140	0.3132	0.3126	0.3122	0.3119	0.3117	
1982	10	 5	     158	1	0.4260	0.3274	0.3252	0.3204	0.3170	0.3153	0.3140	0.3132	0.3126	0.3122	0.3119	0.3116	
1982	10	 6	     159	1	0.4270	0.3305	0.3248	0.3202	0.3170	0.3153	0.3140	0.3132	0.3126	0.3122	0.3119	0.3116	
1982	10	 7	     160	1	0.4247	0.3304	0.3253	0.3205	0.3171	0.3154	0.3140	0.3133	0.3126	0.3122	0.3119	0.3116	
1982	10	 8	     161	1	0.4299	0.3372	0.3250	0.3204	0.3171	0.3154	0.3141	0.3133	0.3126	0.3122	0.3119	0.3116	
1982	10	 9	     162	1	0.4347	0.3396	0.3265	0.3212	0.3175	0.3157	0.3143	0.3134	0.3127	0.3123	0.3119	0.3117	
1982	10	10	     163	1	0.4309	0.3392	0.3273	0.3219	0.3180	0.3161	0.3145	0.3136	0.3129	0.3124	0.3121	0.3118	
1982	10	11	     164	1	0.4275	0.3370	0.3269	0.3217	0.3180	0.3161	0.3146	0.3137	0.3130	0.3125	0.3121	0.3119	
1982	10	12	     165	1	0.4289	0.3388	0.3262	0.3213	0.3178	0.3159	0.3145	0.3136	0.3129	0.3124	0.3121	0.3118	
1982	10	13	     166	1	0.4292	0.3397	0.3266	0.3214	0.3178	0.3159	0.3145	0.3136	0.3129	0.3124	0.3121	0.3118	
1982	10	14	     167	1	0.4243	0.3389	0.3267	0.3216	0.3179	0.3160	0.3145	0.3136	0.3129	0.3124	0.3121	0.3118	
1982	10	15	     168	1	0.4246	0.3390	0.3261	0.3212	0.3177	0.3159	0.3144	0.3136	0.3129	0.3124	0.3121	0.3118	
1982	10	16	     169	1	0.4208	0.3391	0.3262	0.3212	0.3176	0.3158	0.3144	0.3135	0.3128	0.3124	0.3120	0.3118	
1982	10	17	     170	1	0.4235	0.3383	0.3258	0.3209	0.3175	0.3157	0.3143	0.3135	0.3128	0.3123	0.3120	0.3118	
1982	10	18	     171	1	0.4217	0.3387	0.3260	0.3210	0.3175	0.3157	0.3143	0.3135	0.3128	0.3123	0.3120	0.3117	
1982	10	19	     172	1	0.4330	0.3385	0.3258	0.3209	0.3175	0.3157	0.3143	0.3134	0.3128	0.3123	0.3120	0.3117	
1982	10	20	     173	1	0.4310	0.3403	0.3270	0.3216	0.3178	0.3159	0.3144	0.3136	0.3129	0.3124	0.3120	0.3118	
1982	10	21	     174	1	0.4287	0.3404	0.3270	0.3218	0.3180	0.3161	0.3146	0.3137	0.3129	0.3125	0.3121	0.3118	
1982	10	22	     175	1	0.4205	0.3399	0.3268	0.3216	0.3180	0.3161	0.3146	0.3137	0.3130	0.3125	0.3121	0.3119	
1982	10	23	     176	1	0.4215	0.3382	0.3259	0.3211	0.3176	0.3158	0.3144	0.3136	0.3129	0.3124	0.3121	0.3118	
1982	10	24	       0	0	0.0000	0.0000	0.0000	0.0000	0.0000	0.0000	0.0000	0.0000	0.0000	0.0000	0.0000	0.0000	
1982	10	25	       0	0	0.0000	0.0000	0.0000	0.0000	0.0000	0.0000	0.0000	0.0000	0.0000	0.0000	0.0000	0.0000	
1982	10	26	       0	0	0.0000	0.0000	0.0000	0.0000	0.0000	0.0000	0.0000	0.0000	0.0000	0.0000	0.0000	0.0000	
1982	10	27	       0	0	0.0000	0.0000	0.0000	0.0000	0.0000	0.0000	0.0000	0.0000	0.0000	0.0000	0.0000	0.0000	
1982	10	28	       0	0	0.0000	0.0000	0.0000	0.0000	0.0000	0.0000	0.0000	0.0000	0.0000	0.0000	0.0000	0.0000	
1982	10	29	       0	0	0.0000	0.0000	0.0000	0.0000	0.0000	0.0000	0.0000	0.0000	0.0000	0.0000	0.0000	0.0000	
1982	10	30	       0	0	0.0000	0.0000	0.0000	0.0000	0.0000	0.0000	0.0000	0.0000	0.0000	0.0000	0.0000	0.0000	
