Year	Month	Day	SimDay	Season	GDD	TotGDD	Root Depth	CC	RefCC	Bio	RefBio	HI	HIadj	Yield	
1982	 5	 1	       1	1	 5.62	  5.62	0.30	 0.000	 0.000	  0.00	  0.00	0.0000	0.0000	  0.00	
1982	 5	 2	       2	1	 8.88	 14.50	0.30	 0.000	 0.000	  0.00	  0.00	0.0000	0.0000	  0.00	
1982	 5	 3	       3	1	12.56	 27.06	0.30	 0.000	 0.000	  0.00	  0.00	0.0000	0.0000	  0.00	
1982	 5	 4	       4	1	 8.94	 36.00	0.30	 0.000	 0.000	  0.00	  0.00	0.0000	0.0000	  0.00	
1982	 5	 5	       5	1	 1.28	 37.28	0.30	 0.000	 0.000	  0.00	  0.00	0.0000	0.0000	  0.00	
1982	 5	 6	       6	1	 3.50	 40.78	0.30	 0.000	 0.000	  0.00	  0.00	0.0000	0.0000	  0.00	
1982	 5	 7	       7	1	 6.28	 47.06	0.30	 0.000	 0.000	  0.00	  0.00	0.0000	0.0000	  0.00	
1982	 5	 8	       8	1	 8.78	 55.84	0.30	 0.000	 0.000	  0.00	  0.00	0.0000	0.0000	  0.00	
1982	 5	 9	       9	1	10.33	 66.17	0.31	 0.000	 0.000	  0.00	  0.00	0.0000	0.0000	  0.00	
1982	 5	10	      10	1	 9.22	 75.39	0.34	 0.000	 0.000	  0.00	  0.00	0.0000	0.0000	  0.00	
1982	 5	11	      11	1	 0.72	 76.11	0.34	 0.000	 0.000	  0.00	  0.00	0.0000	0.0000	  0.00	
1982	 5	12	      12	1	 2.11	 78.23	0.34	 0.000	 0.000	  0.00	  0.00	0.0000	0.0000	  0.00	
1982	 5	13	      13	1	 2.39	 80.61	0.35	 0.005	 0.005	  0.02	  0.02	0.0000	0.0000	  0.00	
1982	 5	14	      14	1	 4.61	 85.23	0.36	 0.005	 0.005	  0.11	  0.11	0.0000	0.0000	  0.00	
1982	 5	15	      15	1	 4.61	 89.84	0.37	 0.006	 0.006	  0.20	  0.20	0.0000	0.0000	  0.00	
1982	 5	16	      16	1	 5.89	 95.73	0.39	 0.006	 0.006	  0.37	  0.37	0.0000	0.0000	  0.00	
1982	 5	17	      17	1	 7.00	102.73	0.41	 0.007	 0.007	  0.63	  0.63	0.0000	0.0000	  0.00	
1982	 5	18	      18	1	 9.06	111.78	0.43	 0.007	 0.007	  1.01	  1.01	0.0000	0.0000	  0.00	
1982	 5	19	      19	1	10.33	122.11	0.45	 0.008	 0.008	  1.49	  1.49	0.0000	0.0000	  0.00	
1982	 5	20	      20	1	 4.33	126.45	0.46	 0.009	 0.009	  1.61	  1.61	0.0000	0.0000	  0.00	
1982	 5	21	      21	1	 5.72	132.17	0.47	 0.010	 0.010	  1.87	  1.87	0.0000	0.0000	  0.00	
1982	 5	22	      22	1	 6.83	139.00	0.49	 0.010	 0.010	  2.25	  2.25	0.0000	0.0000	  0.00	
1982	 5	23	      23	1	 9.50	148.50	0.51	 0.012	 0.012	  2.88	  2.88	0.0000	0.0000	  0.00	
1982	 5	24	      24	1	 3.67	152.17	0.52	 0.012	 0.012	  3.00	  3.00	0.0000	0.0000	  0.00	
1982	 5	25	      25	1	 5.72	157.89	0.53	 0.013	 0.013	  3.35	  3.35	0.0000	0.0000	  0.00	
1982	 5	26	      26	1	 6.72	164.61	0.54	 0.014	 0.014	  3.87	  3.87	0.0000	0.0000	  0.00	
1982	 5	27	      27	1	 9.89	174.50	0.56	 0.016	 0.016	  4.75	  4.75	0.0000	0.0000	  0.00	
1982	 5	28	      28	1	 7.00	181.50	0.58	 0.018	 0.018	  5.43	  5.43	0.0000	0.0000	  0.00	
1982	 5	29	      29	1	 7.56	189.06	0.59	 0.020	 0.020	  6.27	  6.27	0.0000	0.0000	  0.00	
1982	 5	30	      30	1	 3.11	192.17	0.60	 0.020	 0.020	  6.41	  6.41	0.0000	0.0000	  0.00	
1982	 5	31	      31	1	 4.61	196.78	0.61	 0.022	 0.022	  6.76	  6.76	0.0000	0.0000	  0.00	
1982	 6	 1	      32	1	 3.50	200.28	0.61	 0.023	 0.023	  6.96	  6.96	0.0000	0.0000	  0.00	
1982	 6	 2	      33	1	 2.83	203.11	0.62	 0.023	 0.023	  7.09	  7.09	0.0000	0.0000	  0.00	
1982	 6	 3	      34	1	 1.72	204.84	0.62	 0.024	 0.024	  7.15	  7.15	0.0000	0.0000	  0.00	
1982	 6	 4	      35	1	 6.56	211.39	0.63	 0.026	 0.026	  8.03	  8.03	0.0000	0.0000	  0.00	
1982	 6	 5	      36	1	 9.22	220.61	0.65	 0.029	 0.029	  9.54	  9.54	0.0000	0.0000	  0.00	
1982	 6	 6	      37	1	10.89	231.50	0.67	 0.033	 0.033	 11.40	 11.40	0.0000	0.0000	  0.00	
1982	 6	 7	      38	1	 6.83	238.34	0.69	 0.036	 0.036	 12.71	 12.71	0.0000	0.0000	  0.00	
1982	 6	 8	      39	1	12.56	250.89	0.71	 0.042	 0.042	 15.17	 15.17	0.0000	0.0000	  0.00	
1982	 6	 9	      40	1	 6.28	257.17	0.72	 0.046	 0.046	 16.59	 16.59	0.0000	0.0000	  0.00	
1982	 6	10	      41	1	 6.83	264.00	0.73	 0.050	 0.050	 18.39	 18.39	0.0000	0.0000	  0.00	
1982	 6	11	      42	1	 8.11	272.11	0.75	 0.055	 0.055	 20.91	 20.91	0.0000	0.0000	  0.00	
1982	 6	12	      43	1	 7.83	279.95	0.76	 0.061	 0.061	 23.57	 23.57	0.0000	0.0000	  0.00	
1982	 6	13	      44	1	 8.67	288.61	0.78	 0.068	 0.068	 26.85	 26.85	0.0000	0.0000	  0.00	
1982	 6	14	      45	1	11.44	300.06	0.80	 0.078	 0.078	 31.18	 31.18	0.0000	0.0000	  0.00	
1982	 6	15	      46	1	 6.44	306.50	0.81	 0.085	 0.085	 33.88	 33.88	0.0000	0.0000	  0.00	
1982	 6	16	      47	1	 8.22	314.73	0.82	 0.094	 0.094	 38.14	 38.14	0.0000	0.0000	  0.00	
1982	 6	17	      48	1	 9.50	324.23	0.84	 0.106	 0.106	 43.49	 43.49	0.0000	0.0000	  0.00	
1982	 6	18	      49	1	 6.17	330.39	0.85	 0.115	 0.115	 46.79	 46.79	0.0000	0.0000	  0.00	
1982	 6	19	      50	1	 7.94	338.34	0.86	 0.127	 0.127	 52.19	 52.19	0.0000	0.0000	  0.00	
1982	 6	20	      51	1	 9.50	347.84	0.88	 0.143	 0.143	 59.23	 59.23	0.0000	0.0000	  0.00	
1982	 6	21	      52	1	12.28	360.11	0.90	 0.166	 0.166	 68.20	 68.20	0.0000	0.0000	  0.00	
1982	 6	22	      53	1	10.33	370.45	0.91	 0.189	 0.189	 77.68	 77.68	0.0000	0.0000	  0.00	
1982	 6	23	      54	1	11.72	382.17	0.93	 0.219	 0.219	 88.87	 88.87	0.0000	0.0000	  0.00	
1982	 6	24	      55	1	10.89	393.06	0.95	 0.251	 0.251	101.23	101.23	0.0000	0.0000	  0.00	
1982	 6	25	      56	1	 8.94	402.00	0.97	 0.280	 0.280	113.52	113.52	0.0000	0.0000	  0.00	
1982	 6	26	      57	1	 9.22	411.23	0.98	 0.315	 0.315	127.34	127.34	0.0000	0.0000	  0.00	
1982	 6	27	      58	1	12.56	423.78	1.00	 0.368	 0.368	145.07	145.07	0.0000	0.0000	  0.00	
1982	 6	28	      59	1	12.83	436.61	1.02	 0.432	 0.432	165.15	165.15	0.0000	0.0000	  0.00	
1982	 6	29	      60	1	15.33	451.95	1.04	 0.520	 0.520	188.18	188.18	0.0000	0.0000	  0.00	
1982	 6	30	      61	1	12.83	464.78	1.06	 0.585	 0.585	213.22	213.22	0.0000	0.0000	  0.00	
1982	 7	 1	      62	1	14.50	479.28	1.09	 0.647	 0.647	240.03	240.03	0.0000	0.0000	  0.00	
1982	 7	 2	      63	1	13.11	492.39	1.11	 0.694	 0.694	268.13	268.13	0.0000	0.0000	  0.00	
1982	 7	 3	      64	1	13.67	506.06	1.13	 0.736	 0.736	297.30	297.30	0.0000	0.0000	  0.00	
1982	 7	 4	      65	1	14.22	520.28	1.15	 0.772	 0.772	322.76	327.38	0.0000	0.0000	  0.00	
1982	 7	 5	      66	1	13.94	534.23	1.17	 0.802	 0.802	353.57	358.19	0.0000	0.0000	  0.00	
1982	 7	 6	      67	1	 9.22	543.45	1.18	 0.819	 0.819	381.21	385.83	0.0000	0.0000	  0.00	
1982	 7	 7	      68	1	 9.50	552.95	1.20	 0.835	 0.835	409.71	414.33	0.0000	0.0000	  0.00	
1982	 7	 8	      69	1	14.50	567.45	1.22	 0.856	 0.856	441.77	446.40	0.0000	0.0000	  0.00	
1982	 7	 9	      70	1	13.11	580.56	1.24	 0.871	 0.871	474.20	478.82	0.0000	0.0000	  0.00	
1982	 7	10	      71	1	10.89	591.45	1.25	 0.882	 0.882	505.51	510.13	0.0000	0.0000	  0.00	
1982	 7	11	      72	1	11.17	602.61	1.27	 0.892	 0.892	537.26	541.88	0.0000	0.0000	  0.00	
1982	 7	12	      73	1	11.17	613.78	1.29	 0.901	 0.901	569.19	573.82	0.0000	0.0000	  0.00	
1982	 7	13	      74	1	14.22	628.00	1.31	 0.911	 0.911	602.51	607.13	0.0000	0.0000	  0.00	
1982	 7	14	      75	1	15.61	643.61	1.33	 0.919	 0.919	636.02	640.64	0.0000	0.0000	  0.00	
1982	 7	15	      76	1	14.78	658.39	1.35	 0.926	 0.926	669.68	674.30	0.0000	0.0000	  0.00	
1982	 7	16	      77	1	13.94	672.34	1.37	 0.931	 0.931	703.45	708.08	0.0000	0.0000	  0.00	
1982	 7	17	      78	1	13.11	685.45	1.39	 0.936	 0.936	737.32	741.95	0.0000	0.0000	  0.00	
1982	 7	18	      79	1	13.67	699.11	1.41	 0.939	 0.940	771.27	775.90	0.0000	0.0000	  0.00	
1982	 7	19	      80	1	15.33	714.45	1.43	 0.943	 0.943	805.30	809.93	0.0000	0.0000	  0.00	
1982	 7	20	      81	1	14.22	728.67	1.45	 0.946	 0.946	839.39	844.03	0.0000	0.0000	  0.00	
1982	 7	21	      82	1	14.78	743.45	1.47	 0.948	 0.948	873.24	878.17	0.0000	0.0000	  0.00	
1982	 7	22	      83	1	17.00	760.45	1.49	 0.950	 0.950	907.43	912.37	0.0000	0.0000	  0.00	
1982	 7	23	      84	1	15.89	776.34	1.51	 0.952	 0.952	940.59	946.60	0.0000	0.0000	  0.00	
1982	 7	24	      85	1	15.61	791.95	1.53	 0.954	 0.954	974.85	980.86	0.0000	0.0000	  0.00	
1982	 7	25	      86	1	15.06	807.00	1.56	 0.955	 0.955	1009.04	1015.15	0.0000	0.0000	  0.00	
1982	 7	26	      87	1	15.33	822.34	1.58	 0.956	 0.956	1043.16	1049.46	0.0000	0.0000	  0.00	
1982	 7	27	      88	1	14.22	836.56	1.59	 0.956	 0.956	1077.20	1083.78	0.0000	0.0000	  0.00	
1982	 7	28	      89	1	14.22	850.78	1.61	 0.957	 0.957	1111.16	1118.11	0.0000	0.0000	  0.00	
1982	 7	29	      90	1	10.33	861.11	1.63	 0.957	 0.957	1143.02	1150.41	0.0000	0.0000	  0.00	
1982	 7	30	      91	1	13.39	874.50	1.65	 0.958	 0.958	1176.81	1184.77	0.0000	0.0000	  0.00	
1982	 7	31	      92	1	14.22	888.73	1.66	 0.958	 0.958	1210.51	1219.13	0.0000	0.0000	  0.00	
1982	 8	 1	      93	1	12.83	901.56	1.68	 0.958	 0.958	1244.12	1253.49	0.0000	0.0000	  0.00	
1982	 8	 2	      94	1	13.39	914.95	1.70	 0.959	 0.959	1277.65	1287.87	0.0000	0.0000	  0.00	
1982	 8	 3	      95	1	16.72	931.67	1.72	 0.959	 0.959	1311.09	1322.24	0.0000	0.0000	  0.00	
1982	 8	 4	      96	1	14.50	946.17	1.74	 0.959	 0.959	1344.43	1356.63	0.0000	0.0000	  0.00	
1982	 8	 5	      97	1	14.78	960.95	1.76	 0.959	 0.959	1377.69	1391.01	0.0151	0.0151	  0.21	
1982	 8	 6	      98	1	14.22	975.17	1.78	 0.959	 0.959	1410.85	1424.17	0.0167	0.0167	  0.24	
1982	 8	 7	      99	1	15.33	990.50	1.80	 0.959	 0.959	1443.91	1457.24	0.0184	0.0184	  0.27	
1982	 8	 8	     100	1	14.78	1005.28	1.82	 0.959	 0.959	1476.89	1490.21	0.0204	0.0204	  0.30	
1982	 8	 9	     101	1	12.00	1017.28	1.83	 0.959	 0.959	1509.76	1523.09	0.0225	0.0225	  0.34	
1982	 8	10	     102	1	 5.06	1022.34	1.84	 0.959	 0.959	1520.91	1534.23	0.0249	0.0249	  0.38	
1982	 8	11	     103	1	 7.28	1029.61	1.85	 0.959	 0.959	1543.40	1556.73	0.0275	0.0275	  0.42	
1982	 8	12	     104	1	14.50	1044.11	1.86	 0.959	 0.959	1576.00	1589.32	0.0304	0.0304	  0.48	
1982	 8	13	     105	1	15.61	1059.73	1.88	 0.959	 0.959	1608.50	1621.83	0.0335	0.0335	  0.54	
1982	 8	14	     106	1	15.33	1075.06	1.90	 0.959	 0.959	1640.91	1654.23	0.0369	0.0369	  0.61	
1982	 8	15	     107	1	14.22	1089.28	1.92	 0.959	 0.959	1673.22	1686.54	0.0407	0.0407	  0.68	
1982	 8	16	     108	1	16.17	1105.45	1.94	 0.959	 0.959	1705.44	1718.76	0.0447	0.0447	  0.76	
1982	 8	17	     109	1	15.33	1120.78	1.96	 0.959	 0.959	1737.56	1750.89	0.0492	0.0492	  0.85	
1982	 8	18	     110	1	14.22	1135.00	1.98	 0.959	 0.959	1769.59	1782.92	0.0540	0.0540	  0.96	
1982	 8	19	     111	1	15.86	1150.86	2.00	 0.959	 0.959	1801.53	1814.85	0.0593	0.0593	  1.07	
1982	 8	20	     112	1	14.64	1165.51	2.02	 0.959	 0.959	1833.37	1846.69	0.0649	0.0649	  1.19	
1982	 8	21	     113	1	14.65	1180.16	2.03	 0.959	 0.959	1865.11	1878.44	0.0711	0.0711	  1.33	
1982	 8	22	     114	1	15.08	1195.25	2.05	 0.959	 0.959	1896.77	1910.09	0.0776	0.0776	  1.47	
1982	 8	23	     115	1	14.22	1209.47	2.07	 0.959	 0.959	1928.32	1941.65	0.0847	0.0847	  1.63	
1982	 8	24	     116	1	 9.22	1218.69	2.08	 0.959	 0.959	1956.18	1969.51	0.0923	0.0923	  1.81	
1982	 8	25	     117	1	10.33	1229.02	2.09	 0.959	 0.959	1985.68	1999.01	0.0999	0.0999	  1.98	
1982	 8	26	     118	1	13.67	1242.69	2.11	 0.959	 0.959	2016.96	2030.28	0.1075	0.1075	  2.17	
1982	 8	27	     119	1	 9.50	1252.19	2.12	 0.959	 0.959	2045.09	2058.42	0.1151	0.1151	  2.35	
1982	 8	28	     120	1	14.22	1266.41	2.14	 0.959	 0.959	2076.18	2089.50	0.1227	0.1227	  2.55	
1982	 8	29	     121	1	15.61	1282.02	2.16	 0.959	 0.959	2107.17	2120.50	0.1303	0.1303	  2.75	
1982	 8	30	     122	1	14.78	1296.80	2.18	 0.959	 0.959	2138.07	2151.40	0.1379	0.1379	  2.95	
1982	 8	31	     123	1	13.39	1310.19	2.19	 0.959	 0.959	2168.87	2182.20	0.1455	0.1455	  3.16	
1982	 9	 1	     124	1	13.94	1324.13	2.21	 0.959	 0.959	2199.58	2212.91	0.1531	0.1531	  3.37	
1982	 9	 2	     125	1	11.44	1335.58	2.22	 0.959	 0.959	2229.30	2242.63	0.1607	0.1607	  3.58	
1982	 9	 3	     126	1	11.72	1347.30	2.24	 0.959	 0.959	2259.08	2272.41	0.1683	0.1683	  3.80	
1982	 9	 4	     127	1	13.11	1360.41	2.25	 0.959	 0.959	2289.51	2302.83	0.1759	0.1759	  4.03	
1982	 9	 5	     128	1	13.94	1374.36	2.27	 0.959	 0.959	2319.84	2333.17	0.1835	0.1835	  4.26	
1982	 9	 6	     129	1	10.89	1385.25	2.28	 0.959	 0.959	2348.81	2362.13	0.1911	0.1911	  4.49	
1982	 9	 7	     130	1	 9.50	1394.75	2.29	 0.959	 0.959	2376.00	2389.33	0.1987	0.1987	  4.72	
1982	 9	 8	     131	1	12.00	1406.75	2.30	 0.956	 0.957	2405.88	2419.33	0.2063	0.2063	  4.96	
1982	 9	 9	     132	1	12.00	1418.75	2.30	 0.949	 0.950	2435.32	2449.10	0.2139	0.2139	  5.21	
1982	 9	10	     133	1	11.17	1429.91	2.30	 0.942	 0.942	2463.29	2477.61	0.2215	0.2215	  5.46	
1982	 9	11	     134	1	 5.61	1435.52	2.30	 0.938	 0.939	2475.53	2490.14	0.2291	0.2291	  5.67	
1982	 9	12	     135	1	 4.22	1439.75	2.30	 0.935	 0.935	2481.99	2496.77	0.2367	0.2367	  5.88	
1982	 9	13	     136	1	 3.39	1443.13	2.30	 0.932	 0.933	2485.97	2500.87	0.2443	0.2443	  6.07	
1982	 9	14	     137	1	 3.78	1446.91	2.30	 0.929	 0.930	2490.95	2506.01	0.2519	0.2519	  6.28	
1982	 9	15	     138	1	 3.50	1450.41	2.30	 0.926	 0.927	2495.14	2510.35	0.2595	0.2595	  6.48	
1982	 9	16	     139	1	 9.22	1459.63	2.30	 0.918	 0.919	2519.30	2535.61	0.2671	0.2671	  6.73	
1982	 9	17	     140	1	 2.94	1462.58	2.30	 0.915	 0.916	2522.17	2538.62	0.2747	0.2747	  6.93	
1982	 9	18	     141	1	 7.94	1470.52	2.30	 0.907	 0.908	2542.73	2560.37	0.2824	0.2824	  7.18	
1982	 9	19	     142	1	 6.83	1477.36	2.30	 0.900	 0.901	2559.04	2577.77	0.2900	0.2900	  7.42	
1982	 9	20	     143	1	 6.56	1483.91	2.30	 0.892	 0.893	2573.98	2593.83	0.2976	0.2976	  7.66	
1982	 9	21	     144	1	 7.39	1491.30	2.30	 0.883	 0.884	2591.72	2613.12	0.3052	0.3052	  7.91	
1982	 9	22	     145	1	11.00	1502.30	2.30	 0.868	 0.869	2615.22	2639.11	0.3128	0.3128	  8.18	
1982	 9	23	     146	1	10.06	1512.36	2.30	 0.853	 0.853	2637.24	2663.89	0.3204	0.3204	  8.45	
1982	 9	24	     147	1	 7.67	1520.02	2.30	 0.840	 0.840	2654.28	2683.36	0.3280	0.3280	  8.71	
1982	 9	25	     148	1	 7.11	1527.13	2.30	 0.827	 0.828	2669.16	2700.63	0.3356	0.3356	  8.96	
1982	 9	26	     149	1	12.83	1539.97	2.30	 0.801	 0.802	2690.36	2726.03	0.3432	0.3432	  9.23	
1982	 9	27	     150	1	11.72	1551.69	2.30	 0.774	 0.775	2709.86	2750.20	0.3508	0.3508	  9.51	
1982	 9	28	     151	1	 8.50	1560.19	2.30	 0.753	 0.753	2725.64	2770.32	0.3584	0.3584	  9.77	
1982	 9	29	     152	1	 8.22	1568.41	2.30	 0.730	 0.731	2740.11	2789.34	0.3660	0.3660	 10.03	
1982	 9	30	     153	1	 1.83	1570.25	2.30	 0.725	 0.725	2740.92	2790.42	0.3736	0.3736	 10.24	
1982	10	 1	     154	1	 2.39	1572.63	2.30	 0.718	 0.718	2742.17	2792.09	0.3812	0.3812	 10.45	
1982	10	 2	     155	1	 6.28	1578.91	2.30	 0.698	 0.699	2751.04	2804.29	0.3888	0.3888	 10.70	
1982	10	 3	     156	1	 7.67	1586.58	2.30	 0.672	 0.673	2762.52	2820.68	0.3964	0.3964	 10.95	
1982	10	 4	     157	1	 7.11	1593.69	2.30	 0.647	 0.647	2772.16	2834.98	0.4040	0.4040	 11.20	
1982	10	 5	     158	1	 8.78	1602.47	2.30	 0.612	 0.612	2783.40	2852.61	0.4116	0.4116	 11.46	
1982	10	 6	     159	1	 4.89	1607.36	2.30	 0.591	 0.592	2787.31	2858.96	0.4192	0.4192	 11.68	
1982	10	 7	     160	1	 8.78	1616.13	2.30	 0.552	 0.552	2796.67	2875.24	0.4268	0.4268	 11.94	
1982	10	 8	     161	1	 4.33	1620.47	2.30	 0.530	 0.531	2799.13	2879.69	0.4344	0.4344	 12.16	
1982	10	 9	     162	1	 0.00	1620.47	2.30	 0.530	 0.531	2799.13	2879.69	0.4420	0.4420	 12.37	
1982	10	10	     163	1	 1.56	1622.02	2.30	 0.523	 0.523	2799.48	2880.34	0.4496	0.4496	 12.59	
1982	10	11	     164	1	 3.50	1625.52	2.30	 0.505	 0.505	2800.88	2883.01	0.4572	0.4572	 12.81	
1982	10	12	     165	1	 3.50	1629.02	2.30	 0.486	 0.486	2802.19	2885.59	0.4648	0.4648	 13.02	
1982	10	13	     166	1	 3.22	1632.25	2.30	 0.468	 0.469	2803.22	2887.70	0.4724	0.4724	 13.24	
1982	10	14	     167	1	 7.11	1639.36	2.30	 0.427	 0.427	2807.78	2897.95	0.4800	0.4800	 13.48	
1982	10	15	     168	1	 6.56	1645.91	2.30	 0.386	 0.386	2811.09	2906.20	0.4800	0.4800	 13.49	
1982	10	16	     169	1	 8.78	1654.69	2.30	 0.326	 0.327	2814.69	2916.77	0.4800	0.4800	 13.51	
1982	10	17	     170	1	 8.78	1663.47	2.30	 0.261	 0.261	2817.06	2925.51	0.4800	0.4800	 13.52	
1982	10	18	     171	1	 7.11	1670.58	2.30	 0.204	 0.204	2818.23	2930.99	0.4800	0.4800	 13.53	
1982	10	19	     172	1	 0.00	1670.58	2.30	 0.204	 0.204	2818.23	2930.99	0.4800	0.4800	 13.53	
1982	10	20	     173	1	 3.50	1674.08	2.30	 0.174	 0.174	2818.42	2932.06	0.4800	0.4800	 13.53	
1982	10	21	     174	1	 4.06	1678.13	2.30	 0.138	 0.138	2818.59	2933.25	0.4800	0.4800	 13.53	
1982	10	22	     175	1	 6.83	1684.97	2.30	 0.074	 0.074	2818.74	2935.22	0.4800	0.4800	 13.53	
1982	10	23	     176	1	 7.94	1692.91	2.30	 0.000	 0.000	2818.74	2935.22	0.4800	0.4800	 13.53	
1982	10	24	       0	0	 0.00	  0.00	0.00	 0.000	 0.000	  0.00	  0.00	0.0000	0.0000	  0.00	
1982	10	25	       0	0	 0.00	  0.00	0.00	 0.000	 0.000	  0.00	  0.00	0.0000	0.0000	  0.00	
1982	10	26	       0	0	 0.00	  0.00	0.00	 0.000	 0.000	  0.00	  0.00	0.0000	0.0000	  0.00	
1982	10	27	       0	0	 0.00	  0.00	0.00	 0.000	 0.000	  0.00	  0.00	0.0000	0.0000	  0.00	
1982	10	28	       0	0	 0.00	  0.00	0.00	 0.000	 0.000	  0.00	  0.00	0.0000	0.0000	  0.00	
1982	10	29	       0	0	 0.00	  0.00	0.00	 0.000	 0.000	  0.00	  0.00	0.0000	0.0000	  0.00	
1982	10	30	       0	0	 0.00	  0.00	0.00	 0.000	 0.000	  0.00	  0.00	0.0000	0.0000	  0.00	
